0.000415003
0.00050265
0.000607367
0.00073185
0.000879012
0.00105192
0.00125373
0.00148756
0.00175633
0.00206261
0.00240836
0.00279522
0.0032264
0.00370617
0.00423972
0.00483339
0.00549335
0.00621933
0.00700631
0.00784503
0.00872127
0.00961879
0.0105324
0.011462
0.0124105
0.0133837
0.014387
0.0154116
0.0164424
0.0174614
0.018448
0.0193852
0.0202811
0.0211545
0.0220286
0.0229317
0.0238896
0.0249026
0.0259631
0.0270619
0.0281877
0.0293303
0.0304898
0.0316694
0.0328731
0.0341054
0.035367
0.03664
0.0378988
0.0391148
0.0402563
0.0412989
0.0422582
0.0431627
0.0440444
0.044938
0.0458729
0.0468459
0.0478446
0.0488555
0.0498639
0.0508618
0.0518731
0.0529317
0.0540746
0.0553418
0.0567734
0.0583973
0.0602409
0.0623353
0.0647164
0.0674131
0.070404
0.0736489
0.0770978
0.0806894
0.0843613
0.0880904
0.091863
0.0956637
0.0994755
0.103286
0.107103
0.110947
0.114838
0.118802
0.122863
0.127026
0.131293
0.135666
0.140145
0.144731
0.149415
0.154189
0.159038
0.163952
0.168932
0.174063
0.179457
0.185241
0.191556
0.198532
0.206182
0.214485
0.223411
0.232926
0.242992
0.253616
0.26481
0.276587
0.288959
0.301934
0.315508
0.329673
0.344416
0.359716
0.37555
0.391895
0.408722
0.425998
0.443683
0.461731
0.480094
0.498717
0.517539
0.536494
0.555493
0.574386
0.592995
0.611124
0.628561
0.645139
0.660907
0.675993
0.690542
0.70472
0.718662
0.732323
0.745606
0.75841
0.77063
0.782208
0.79329
0.804084
0.814813
0.825711
0.836943
0.848349
0.859676
0.870656
0.881011
0.890496
0.899052
0.906669
0.913341
0.919067
0.923898
0.928099
0.931995
0.935916
0.940198
0.945076
0.950367
0.955775
0.961
0.965733
0.969744
0.973133
0.976086
0.978793
0.981445
0.984186
0.986965
0.989678
0.99222
0.994486
0.996386
0.997895
0.999004
0.999706
0.999993
0.999837
0.999123
0.997719
0.995491
0.99231
0.988146
0.983345
0.978342
0.973564
0.969429
0.966211
0.96363
0.961273
0.958732
0.955602
0.951569
0.946654
0.940962
0.9346
0.927673
0.920264
0.912391
0.90405
0.895243
0.885969
0.876242
0.866117
0.855658
0.844926
0.833982
0.822859
0.811491
0.799794
0.787689
0.775103
0.761996
0.748425
0.73447
0.720208
0.705713
0.691044
0.676212
0.66122
0.646072
0.630773
0.615349
0.599888
0.584489
0.56924
0.554224
0.539469
0.524827
0.510124
0.495206
0.479941
0.46427
0.448338
0.432329
0.416406
0.400711
0.385355
0.370377
0.355793
0.341618
0.327864
0.314541
0.301662
0.289239
0.277278
0.265784
0.25474
0.244054
0.233634
0.223399
0.213284
0.203257
0.19337
0.183688
0.174263
0.165141
0.156354
0.147916
0.139834
0.132111
0.124749
0.117744
0.111081
0.104747
0.0987277
0.0930085
0.0875769
0.0824219
0.0775328
0.0728989
0.06851
0.0643554
0.0604242
0.0567057
0.0531896
0.0498661
0.0467258
0.0437598
0.0409594
0.0383165
0.0358233
0.0334725
0.0312583
0.0291751
0.0272173
0.025379
0.0236541
0.0220336
0.0205092
0.0190735
0.0177201
0.0164451
0.015251
0.0141404
0.0131137
0.0121701
0.0113063
0.0105131
0.00978127
0.009103
0.0084717
0.00788227
0.00733213
0.00681928
0.00634173
0.00589749
0.00548444
0.00509978
0.00474086
0.00440538
0.00409129
0.00379703
0.00352187
0.0032652
0.00302632
0.00280447
0.00259882
0.00240849
0.00223259
0.00207024
0.00192058
0.00178269
0.0016554
0.00153762
0.00142839
0.00132687
0.00123238
0.00114456
0.00106308
0.000987592
0.000917777
0.000853264
0.000793589
0.000738306
0.000687018
0.000639373
0.000595057
0.000553797
0.00051535
0.000479496
0.000446035
0.000414809
0.000385749
0.000358792
0.000333861
0.000310869
0.000289699
0.000270145
0.000252007
0.000235117
0.000219329
0.000204535
0.000190692
0.000177771
0.000165736
0.000154549
0.000144167
0.000134528
0.000125574
0.000117251
0.000109508
0.0001023
9.55828e-05
8.93161e-05
8.34631e-05
7.79912e-05
7.2873e-05
6.80921e-05
6.36342e-05
5.94841e-05
5.56264e-05
5.2043e-05
4.87063e-05
4.559e-05
4.2671e-05
3.99295e-05
3.73509e-05
3.49326e-05
3.2673e-05
3.0569e-05
2.86163e-05
2.68077e-05
2.51286e-05
2.35645e-05
2.21026e-05
2.07321e-05
1.94444e-05
1.82351e-05
1.71008e-05
1.6038e-05
1.50432e-05
1.41127e-05
1.3242e-05
1.24263e-05
1.16618e-05
1.09446e-05
1.02716e-05
9.64036e-06
9.04897e-06
8.49535e-06
7.9775e-06
7.49341e-06
7.04079e-06
6.61744e-06
6.22133e-06
5.85057e-06
5.50333e-06
5.17756e-06
4.87135e-06
4.583e-06
4.31102e-06
4.05422e-06
3.81213e-06
3.58438e-06
3.37053e-06
3.17009e-06
2.98248e-06
2.80691e-06
2.64257e-06
2.48873e-06
2.34468e-06
2.20974e-06
2.08315e-06
1.96419e-06
1.85222e-06
1.74666e-06
1.64705e-06
1.55307e-06
1.46448e-06
1.381e-06
1.30241e-06
1.22844e-06
1.15888e-06
1.09348e-06
1.03203e-06
9.74306e-07
