0.00954729
0.0114794
0.0137986
0.0165746
0.0198869
0.023825
0.0284877
0.0339832
0.0404274
0.0479417
0.0566498
0.0666757
0.0781479
0.0911925
0.105926
0.122451
0.140844
0.16114
0.183325
0.207327
0.233008
0.260183
0.288723
0.318512
0.349431
0.381363
0.414141
0.44735
0.480439
0.512767
0.543618
0.572399
0.599284
0.624786
0.649576
0.674474
0.700186
0.72646
0.752726
0.778333
0.802555
0.824818
0.845422
0.864961
0.8841
0.903573
0.923844
0.944055
0.96292
0.979057
0.99102
0.997765
0.999982
0.998861
0.995628
0.991515
0.987377
0.982619
0.976301
0.967513
0.955393
0.939499
0.920807
0.900592
0.88004
0.86024
0.842031
0.825572
0.81086
0.797902
0.786704
0.777119
0.768365
0.759538
0.749777
0.738268
0.724389
0.708113
0.689572
0.668927
0.646359
0.622112
0.596591
0.570216
0.543373
0.516411
0.489647
0.463406
0.437965
0.413549
0.390333
0.368394
0.347582
0.327724
0.308676
0.290322
0.272626
0.255772
0.239945
0.22528
0.211867
0.199719
0.188674
0.178557
0.169217
0.160526
0.152368
0.14462
0.137173
0.129937
0.122839
0.115834
0.108922
0.102118
0.0954374
0.0888965
0.0825343
0.0764613
0.0707769
0.0655491
0.060821
0.0565919
0.0527659
0.049244
0.045947
0.0428123
0.0398014
0.0369227
0.0341909
0.0316158
0.0292033
0.0269536
0.0248575
0.0229047
0.0210855
0.0193912
0.0178145
0.0163514
0.014998
0.0137497
0.0126013
0.0115466
0.0105766
0.00968268
0.00885746
0.00809453
0.0073889
0.00673799
0.00613947
0.00559073
0.005089
0.0046312
0.00421366
0.00383286
0.00348559
0.00316893
0.00288021
0.00261698
0.00237701
0.00215829
0.00195896
0.00177737
0.00161218
0.00146215
0.00132606
0.00120277
0.00109118
0.000990135
0.000898564
0.000815524
0.000740174
0.000671772
0.000609693
0.000553372
0.000502292
0.000455979
0.000413997
0.00037594
0.000341439
0.00031016
0.0002818
0.000256084
0.000232764
0.000211616
0.000192436
0.000175039
0.000159257
0.00014494
0.000131948
0.000120157
0.000109454
9.97367e-05
9.09125e-05
8.28976e-05
7.5616e-05
6.89991e-05
6.29846e-05
5.75163e-05
5.25432e-05
4.80192e-05
4.39024e-05
4.01551e-05
3.67431e-05
3.36353e-05
3.08037e-05
2.82228e-05
2.58697e-05
2.37235e-05
2.17653e-05
1.99779e-05
1.83459e-05
1.68551e-05
1.54929e-05
1.42476e-05
1.31087e-05
1.20667e-05
1.11131e-05
1.02399e-05
9.43999e-06
8.70695e-06
8.03488e-06
7.41844e-06
6.85279e-06
6.33352e-06
5.85662e-06
5.41843e-06
0.0
0.0
0.0
0.0
0.0
0.0
0.0
0.0
0.0
0.0
0.0
0.0
0.0
0.0
0.0
0.0
0.0
0.0
0.0
0.0
0.0
0.0
0.0
0.0
0.0
0.0
0.0
0.0
0.0
0.0
0.0
0.0
0.0
0.0
0.0
0.0
0.0
0.0
0.0
0.0
0.0
0.0
0.0
0.0
0.0
0.0
0.0
0.0
0.0
0.0
0.0
0.0
0.0
0.0
0.0
0.0
0.0
0.0
0.0
0.0
0.0
0.0
0.0
0.0
0.0
0.0
0.0
0.0
0.0
0.0
0.0
0.0
0.0
0.0
0.0
0.0
0.0
0.0
0.0
0.0
0.0
0.0
0.0
0.0
0.0
0.0
0.0
0.0
0.0
0.0
0.0
0.0
0.0
0.0
0.0
0.0
0.0
0.0
0.0
0.0
0.0
0.0
0.0
0.0
0.0
0.0
0.0
0.0
0.0
0.0
0.0
0.0
0.0
0.0
0.0
0.0
0.0
0.0
0.0
0.0
0.0
0.0
0.0
0.0
0.0
0.0
0.0
0.0
0.0
0.0
0.0
0.0
0.0
0.0
0.0
0.0
0.0
0.0
0.0
0.0
0.0
0.0
0.0
0.0
0.0
0.0
0.0
0.0
0.0
0.0
0.0
0.0
0.0
0.0
0.0
0.0
0.0
0.0
0.0
0.0
0.0
0.0
0.0
0.0
0.0
0.0
0.0
0.0
0.0
0.0
0.0
0.0
0.0
0.0
0.0
0.0
0.0
0.0
0.0
0.0
0.0
0.0
0.0
0.0
0.0
0.0
0.0
0.0
0.0
0.0
0.0
0.0
0.0
0.0
0.0
0.0
0.0
0.0
0.0
0.0
0.0
0.0
0.0
0.0
0.0
0.0
0.0
0.0
0.0
0.0
0.0
0.0
0.0
0.0
0.0
