0.000368349
0.000448015
0.000543965
0.000658983
0.000796121
0.000958658
0.00115002
0.00137367
0.00163296
0.00193089
0.00226991
0.0026521
0.0030811
0.00356156
0.004099
0.0047001
0.00537186
0.00611757
0.00693795
0.00783144
0.00879369
0.00981865
0.0109044
0.0120509
0.0132582
0.0145277
0.01586
0.0172496
0.0186878
0.0201638
0.0216649
0.0231801
0.0247139
0.0262785
0.0278905
0.0295714
0.0313438
0.0332151
0.0351889
0.0372683
0.0394566
0.0417546
0.0441544
0.0466432
0.049205
0.0518199
0.0544645
0.0571131
0.0597369
0.0623038
0.0647782
0.0671329
0.0693844
0.0715658
0.0737164
0.0758812
0.078098
0.0803538
0.0826198
0.0848644
0.0870524
0.089164
0.0912523
0.093395
0.0956775
0.0981934
0.101031
0.104229
0.107814
0.111817
0.116272
0.121204
0.126573
0.132311
0.138334
0.144541
0.150828
0.157146
0.163457
0.169721
0.175893
0.181938
0.187872
0.193731
0.199557
0.205398
0.211302
0.217283
0.223347
0.229501
0.235754
0.242108
0.248545
0.255037
0.261554
0.268063
0.274561
0.28118
0.288097
0.295508
0.30363
0.312649
0.322565
0.333319
0.344844
0.357061
0.369895
0.383355
0.397467
0.41226
0.427764
0.444001
0.460947
0.478562
0.496795
0.515587
0.534868
0.554575
0.57464
0.594984
0.61552
0.636162
0.656872
0.677624
0.698393
0.719154
0.739844
0.760235
0.780039
0.798941
0.81661
0.832783
0.84755
0.861113
0.873698
0.88555
0.896873
0.907638
0.917757
0.927137
0.935687
0.943362
0.950309
0.956733
0.962844
0.968858
0.974919
0.98085
0.986388
0.991267
0.995217
0.998007
0.999595
0.999982
0.999177
0.997193
0.994102
0.990204
0.985855
0.981404
0.977193
0.973441
0.969881
0.966133
0.961823
0.956583
0.950167
0.942773
0.934709
0.926271
0.91775
0.909339
0.900895
0.892197
0.883035
0.873205
0.862565
0.851173
0.839132
0.826545
0.813509
0.800082
0.786166
0.771635
0.756376
0.740291
0.723369
0.70589
0.688184
0.670554
0.653274
0.636524
0.620217
0.604211
0.588375
0.572597
0.556783
0.540896
0.524912
0.508817
0.492599
0.476268
0.459893
0.443551
0.427314
0.411246
0.395396
0.379782
0.36441
0.349289
0.334429
0.319843
0.305564
0.291625
0.278053
0.264872
0.252099
0.239747
0.227822
0.21633
0.205273
0.19465
0.184448
0.174654
0.165256
0.156243
0.147602
0.139329
0.131416
0.123856
0.116641
0.109766
0.103226
0.0970205
0.091143
0.0855872
0.0803428
0.0753913
0.0707136
0.0662924
0.062112
0.0581595
0.0544276
0.0509098
0.0475991
0.0444879
0.0415659
0.0388152
0.0362181
0.0337599
0.0314282
0.0292176
0.0271403
0.0252084
0.0234286
0.0218037
0.0203285
0.0189779
0.0177272
0.016556
0.015448
0.0143924
0.0133896
0.0124414
0.0115488
0.010712
0.00992994
0.00920057
0.00852126
0.00788945
0.00730255
0.0067582
0.00625474
0.00579045
0.00536347
0.00497179
0.004613
0.00428339
0.0039794
0.00369803
0.00343667
0.00319326
0.00296653
0.00275543
0.00255896
0.00237617
0.00220618
0.00204809
0.0019011
0.00176442
0.00163734
0.00151916
0.00140913
0.00130655
0.00121078
0.00112128
0.00103766
0.000959892
0.000887951
0.000821729
0.000761051
0.000705623
0.000654874
0.00060824
0.00056524
0.000525457
0.00048855
0.000454277
0.000422436
0.000392839
0.000365317
0.00033971
0.000315856
0.000293607
0.000272834
0.000253417
0.000235265
0.000218331
0.000202574
0.000187948
0.000174402
0.000161878
0.000150305
0.000139612
0.000129734
0.000120608
0.000112176
0.000104373
9.71383e-05
9.04202e-05
8.41716e-05
7.83538e-05
7.29425e-05
6.79164e-05
6.32542e-05
5.89349e-05
5.4936e-05
5.12291e-05
4.77872e-05
4.45862e-05
4.16049e-05
3.88245e-05
3.62302e-05
3.38086e-05
3.15474e-05
2.94354e-05
2.74634e-05
2.56268e-05
2.39217e-05
2.23432e-05
2.0886e-05
1.95424e-05
1.8299e-05
1.71423e-05
1.60611e-05
1.50458e-05
1.40893e-05
1.31899e-05
1.23462e-05
1.15569e-05
1.082e-05
1.01334e-05
9.49367e-06
8.89736e-06
8.34135e-06
7.82271e-06
7.33865e-06
6.88612e-06
6.46228e-06
6.06462e-06
5.69093e-06
5.33942e-06
5.00929e-06
4.69984e-06
4.41034e-06
4.13998e-06
3.88772e-06
3.65186e-06
3.4307e-06
3.22278e-06
3.02683e-06
2.84192e-06
2.66795e-06
2.50491e-06
2.35267e-06
2.211e-06
2.07946e-06
1.957e-06
1.84258e-06
1.73528e-06
1.63433e-06
1.5391e-06
1.44932e-06
1.36478e-06
1.28526e-06
1.21054e-06
1.14038e-06
1.07446e-06
1.01247e-06
9.5413e-07
8.9917e-07
8.47379e-07
7.98635e-07
7.52832e-07
7.09857e-07
6.69594e-07
6.31907e-07
5.96604e-07
5.63495e-07
5.32408e-07
5.03187e-07
4.75686e-07
4.49753e-07
4.25249e-07
4.0205e-07
3.80046e-07
3.59156e-07
3.39356e-07
3.20633e-07
3.02966e-07
2.86329e-07
2.70687e-07
2.5598e-07
2.42147e-07
2.2913e-07
2.16878e-07
2.05338e-07
1.94449e-07
1.84155e-07
1.74407e-07
1.65158e-07
1.56373e-07
1.48031e-07
1.40117e-07
1.32615e-07
1.25508e-07
1.18781e-07
1.12416e-07
1.06398e-07
1.00711e-07
9.53411e-08
